function position = getlabeledgeposition

position = [
 6 52;
25 53;
48 53;
59 52;
33 49;
48 48;
30 40;
38 42;
48 42;
 6 31;
15 31;
29 32;
38 32;
47 32;
59 31;
29 22;
38 24;
47 25;
11 40;
25 43;
25 35;
25 25;
25 18;
35 36;
35 27;
35 18;
42 50;
42 45;
42 37;
42 28;
42 18;
55 48;
55 43;
55 35;
55 27;
55 18
];